seed,request_idx,phase,weight_provider_a,weight_provider_b,weight_provider_c,weight_provider_d,weight_provider_e
1000,0,phase1_normal,0.2,0.2,0.2,0.2,0.2
1000,100,phase1_normal,0.154,0.3999,0.117,0.2137,0.1155
1000,200,phase1_normal,0.1149,0.5333,0.1093,0.1146,0.1279
1000,300,phase1_normal,0.1096,0.5562,0.1091,0.1149,0.1102
1000,400,phase1_normal,0.272,0.3564,0.1215,0.0966,0.1536
1000,500,phase1_normal,0.1404,0.4833,0.1141,0.1399,0.1223
1000,600,phase1_normal,0.1191,0.1399,0.5031,0.118,0.1199
1000,700,phase1_normal,0.1293,0.1189,0.4984,0.122,0.1314
1000,800,phase1_normal,0.1385,0.1267,0.4693,0.1227,0.1428
1000,900,phase1_normal,0.1216,0.1293,0.4965,0.1245,0.1281
1000,1000,phase1_normal,0.1579,0.1159,0.4808,0.1193,0.1261
1000,1100,phase1_normal,0.1304,0.1349,0.4728,0.1337,0.1282
1000,1200,phase1_normal,0.1809,0.131,0.4489,0.1204,0.1188
1000,1300,phase1_normal,0.4065,0.1539,0.2055,0.1116,0.1225
1000,1400,phase1_normal,0.5383,0.1198,0.1271,0.1096,0.1052
1000,1500,phase1_normal,0.5538,0.1214,0.1088,0.1106,0.1054
1000,1600,phase1_normal,0.5446,0.106,0.1276,0.1124,0.1094
1000,1700,phase1_normal,0.1397,0.1167,0.4946,0.1279,0.1211
1000,1800,phase1_normal,0.1389,0.1297,0.4839,0.1182,0.1293
1000,1900,phase1_normal,0.3541,0.0893,0.3533,0.1135,0.0898
1000,2000,phase2_degradation,0.4742,0.1235,0.1326,0.1351,0.1346
1000,2100,phase2_degradation,0.3717,0.3724,0.0923,0.0812,0.0824
1000,2200,phase2_degradation,0.37,0.0954,0.0816,0.0823,0.3707
1000,2300,phase2_degradation,0.3696,0.092,0.0837,0.0845,0.3703
1000,2400,phase2_degradation,0.3717,0.3724,0.0929,0.0806,0.0825
1000,2500,phase2_degradation,0.4937,0.1389,0.1227,0.115,0.1298
1000,2600,phase2_degradation,0.1252,0.1172,0.5181,0.1224,0.1171
1000,2700,phase2_degradation,0.4048,0.214,0.1466,0.1159,0.1188
1000,2800,phase2_degradation,0.1125,0.5395,0.1217,0.1162,0.1102
1000,2900,phase2_degradation,0.126,0.5284,0.1179,0.1182,0.1096
1000,3000,phase2_degradation,0.1093,0.5607,0.1105,0.1104,0.1092
1000,3100,phase2_degradation,0.1195,0.5399,0.1147,0.1153,0.1107
1000,3200,phase2_degradation,0.1095,0.558,0.1131,0.1096,0.1098
1000,3300,phase2_degradation,0.1101,0.5416,0.1209,0.1163,0.1111
1000,3400,phase2_degradation,0.3573,0.3566,0.0843,0.1161,0.0857
1000,3500,phase3_attack,0.0913,0.3602,0.0944,0.361,0.0931
1000,3600,phase3_attack,0.1097,0.5411,0.1099,0.1264,0.1129
1000,3700,phase3_attack,0.11,0.5301,0.1114,0.1213,0.1271
1000,3800,phase3_attack,0.1139,0.4485,0.1695,0.1492,0.1189
1000,3900,phase3_attack,0.1092,0.5289,0.1111,0.137,0.1137
1000,4000,phase3_attack,0.1087,0.5509,0.1158,0.1134,0.1113
1000,4100,phase3_attack,0.0834,0.5246,0.1248,0.1402,0.127
1000,4200,phase3_attack,0.1078,0.494,0.1424,0.1259,0.1299
1000,4300,phase3_attack,0.0708,0.3756,0.0828,0.3764,0.0944
1000,4400,phase3_attack,0.0888,0.5416,0.1237,0.1239,0.122
1000,4500,phase3_attack,0.1056,0.4711,0.126,0.1484,0.149
1000,4600,phase3_attack,0.059,0.365,0.1042,0.1061,0.3658
1000,4700,phase3_attack,0.0646,0.4612,0.1609,0.1438,0.1696
1000,4800,phase3_attack,0.0396,0.4573,0.1905,0.1673,0.1454
1000,4900,phase3_attack,0.1097,0.4981,0.1341,0.1401,0.1181
1000,5000,phase4_telemetry,0.0573,0.3658,0.1093,0.3666,0.1009
1000,5100,phase4_telemetry,0.1077,0.4707,0.1297,0.1321,0.1598
1000,5200,phase4_telemetry,0.0585,0.472,0.1404,0.137,0.1921
1000,5300,phase4_telemetry,0.104,0.4844,0.1238,0.1701,0.1177
1000,5400,phase4_telemetry,0.0555,0.3673,0.1042,0.368,0.105
1000,5500,phase4_telemetry,0.0916,0.5106,0.1388,0.1332,0.1258
1000,5600,phase4_telemetry,0.09,0.4038,0.161,0.1756,0.1696
1000,5700,phase4_telemetry,0.0759,0.4919,0.1328,0.1311,0.1683
1000,5800,phase4_telemetry,0.1097,0.4626,0.1538,0.145,0.1289
1000,5900,phase4_telemetry,0.1208,0.4313,0.1537,0.1713,0.1229
1000,6000,phase4_telemetry,0.0534,0.255,0.1431,0.349,0.1995
1000,6100,phase4_telemetry,0.0926,0.347,0.0965,0.3478,0.1162
1000,6200,phase4_telemetry,0.078,0.4781,0.1281,0.1657,0.1501
1000,6300,phase4_telemetry,0.3094,0.3086,0.1455,0.114,0.1225
1000,6400,phase4_telemetry,0.1032,0.4894,0.132,0.1459,0.1295
1000,6500,phase5_recovery,0.0961,0.3744,0.1909,0.169,0.1696
1000,6600,phase5_recovery,0.1418,0.4602,0.1247,0.128,0.1453
1000,6700,phase5_recovery,0.1246,0.2889,0.185,0.2897,0.1117
1000,6800,phase5_recovery,0.1084,0.4625,0.1526,0.1358,0.1407
1000,6900,phase5_recovery,0.1343,0.4829,0.1572,0.1221,0.1035
1000,7000,phase5_recovery,0.1491,0.4602,0.1391,0.1379,0.1137
1000,7100,phase5_recovery,0.1623,0.3964,0.1395,0.1337,0.1682
1000,7200,phase5_recovery,0.1195,0.4473,0.1378,0.1368,0.1585
1000,7300,phase5_recovery,0.1028,0.3257,0.3265,0.1413,0.1036
1000,7400,phase5_recovery,0.1453,0.5055,0.1121,0.1168,0.1202
1000,7500,phase5_recovery,0.1359,0.4517,0.1398,0.1313,0.1412
1000,7600,phase5_recovery,0.1525,0.4588,0.1122,0.1452,0.1312
1000,7700,phase5_recovery,0.1037,0.4367,0.158,0.1453,0.1563
1000,7800,phase5_recovery,0.1109,0.4793,0.142,0.1357,0.1321
1000,7900,phase5_recovery,0.1366,0.4901,0.1149,0.1434,0.115
1000,8000,phase5_recovery,0.1018,0.4598,0.1564,0.1471,0.1348
1000,8100,phase5_recovery,0.1394,0.4242,0.1266,0.1479,0.162
1000,8200,phase6_novel,0.1458,0.1316,0.414,0.1821,0.1265
1000,8300,phase6_novel,0.1586,0.3052,0.3044,0.0979,0.1338
1000,8400,phase6_novel,0.1607,0.1195,0.2707,0.1396,0.3095
1000,8500,phase6_novel,0.1038,0.3314,0.3322,0.1107,0.1218
1000,8600,phase6_novel,0.1409,0.4216,0.1658,0.1375,0.1343
1000,8700,phase6_novel,0.1153,0.4492,0.1373,0.1614,0.1368
1000,8800,phase6_novel,0.1346,0.4691,0.121,0.1123,0.163
1000,8900,phase6_novel,0.1626,0.4124,0.1379,0.1521,0.1349
1000,9000,phase6_novel,0.1156,0.3291,0.3299,0.1149,0.1106
1000,9100,phase6_novel,0.1379,0.4029,0.1503,0.1178,0.1912
1000,9200,phase6_novel,0.1115,0.4828,0.1252,0.1277,0.1529
1000,9300,phase6_novel,0.1322,0.3349,0.0933,0.3357,0.1039
1000,9400,phase6_novel,0.1336,0.4642,0.133,0.1455,0.1237
1000,9500,phase6_novel,0.1508,0.4679,0.1117,0.1361,0.1336
1000,9600,phase6_novel,0.1255,0.4897,0.12,0.1526,0.1122
1000,9700,phase6_novel,0.1287,0.1406,0.4687,0.1218,0.1402
1000,9800,phase6_novel,0.1115,0.1239,0.524,0.1161,0.1245
1000,9900,phase6_novel,0.1478,0.148,0.2905,0.1221,0.2915
1000,9999,phase6_novel,0.1601,0.1623,0.3417,0.1382,0.1975
1001,0,phase1_normal,0.2,0.2,0.2,0.2,0.2
1001,100,phase1_normal,0.16,0.1125,0.1123,0.5056,0.1096
1001,200,phase1_normal,0.1288,0.5133,0.1158,0.1255,0.1166
1001,300,phase1_normal,0.1112,0.1594,0.1144,0.4569,0.1581
1001,400,phase1_normal,0.1003,0.3207,0.1043,0.1531,0.3215
1001,500,phase1_normal,0.1192,0.1195,0.5024,0.1253,0.1337
1001,600,phase1_normal,0.146,0.1257,0.4686,0.1301,0.1296
1001,700,phase1_normal,0.5505,0.1082,0.118,0.114,0.1093
1001,800,phase1_normal,0.5655,0.1045,0.1153,0.107,0.1076
1001,900,phase1_normal,0.4829,0.144,0.1287,0.1136,0.1308
1001,1000,phase1_normal,0.5347,0.1077,0.1053,0.1052,0.147
1001,1100,phase1_normal,0.519,0.1162,0.1251,0.1075,0.1322
1001,1200,phase1_normal,0.5018,0.1511,0.1349,0.1074,0.1049
1001,1300,phase1_normal,0.5464,0.1093,0.1122,0.1271,0.1051
1001,1400,phase1_normal,0.3699,0.3706,0.0865,0.0851,0.0879
1001,1500,phase1_normal,0.5497,0.1126,0.1156,0.1109,0.1111
1001,1600,phase1_normal,0.5311,0.1149,0.1198,0.12,0.1143
1001,1700,phase1_normal,0.5118,0.1128,0.1348,0.1258,0.1149
1001,1800,phase1_normal,0.509,0.1293,0.1224,0.1333,0.1059
1001,1900,phase1_normal,0.5235,0.1285,0.1218,0.1159,0.1103
1001,2000,phase2_degradation,0.5013,0.113,0.122,0.1579,0.1058
1001,2100,phase2_degradation,0.5709,0.1055,0.1098,0.1051,0.1087
1001,2200,phase2_degradation,0.5465,0.1066,0.1226,0.1174,0.1069
1001,2300,phase2_degradation,0.5489,0.107,0.1105,0.106,0.1277
1001,2400,phase2_degradation,0.5239,0.1132,0.1334,0.1132,0.1163
1001,2500,phase2_degradation,0.1149,0.5212,0.1246,0.1276,0.1117
1001,2600,phase2_degradation,0.1178,0.5092,0.1142,0.1341,0.1247
1001,2700,phase2_degradation,0.1139,0.5265,0.1245,0.1116,0.1234
1001,2800,phase2_degradation,0.1208,0.5161,0.1351,0.1101,0.1179
1001,2900,phase2_degradation,0.1097,0.522,0.138,0.1128,0.1175
1001,3000,phase2_degradation,0.13,0.537,0.1138,0.1098,0.1095
1001,3100,phase2_degradation,0.1409,0.5081,0.1085,0.1105,0.132
1001,3200,phase2_degradation,0.0878,0.3772,0.078,0.0791,0.3779
1001,3300,phase2_degradation,0.1122,0.5237,0.1227,0.1152,0.1262
1001,3400,phase2_degradation,0.0989,0.3598,0.0887,0.3605,0.0921
1001,3500,phase3_attack,0.0818,0.3621,0.0986,0.3628,0.0946
1001,3600,phase3_attack,0.1089,0.5408,0.1096,0.1308,0.11
1001,3700,phase3_attack,0.1105,0.5255,0.1314,0.1164,0.1162
1001,3800,phase3_attack,0.1099,0.5495,0.1117,0.119,0.1099
1001,3900,phase3_attack,0.1083,0.5406,0.1161,0.1125,0.1226
1001,4000,phase3_attack,0.1093,0.545,0.1132,0.1149,0.1176
1001,4100,phase3_attack,0.1111,0.4806,0.1604,0.1202,0.1277
1001,4200,phase3_attack,0.1093,0.5481,0.1127,0.1097,0.1203
1001,4300,phase3_attack,0.1096,0.491,0.1307,0.1116,0.157
1001,4400,phase3_attack,0.0894,0.5171,0.1215,0.1257,0.1463
1001,4500,phase3_attack,0.0871,0.4466,0.1233,0.193,0.15
1001,4600,phase3_attack,0.1004,0.4435,0.1416,0.1682,0.1464
1001,4700,phase3_attack,0.0594,0.4784,0.1471,0.1525,0.1626
1001,4800,phase3_attack,0.0854,0.4365,0.1551,0.1613,0.1617
1001,4900,phase3_attack,0.0559,0.4674,0.1652,0.151,0.1604
1001,5000,phase4_telemetry,0.0542,0.3561,0.1217,0.3568,0.1113
1001,5100,phase4_telemetry,0.0545,0.4831,0.157,0.1644,0.141
1001,5200,phase4_telemetry,0.0931,0.4894,0.1411,0.1428,0.1336
1001,5300,phase4_telemetry,0.0966,0.4471,0.1414,0.1397,0.1751
1001,5400,phase4_telemetry,0.0873,0.4434,0.1757,0.1681,0.1255
1001,5500,phase4_telemetry,0.0729,0.3318,0.1253,0.3326,0.1374
1001,5600,phase4_telemetry,0.1091,0.4947,0.123,0.124,0.1492
1001,5700,phase4_telemetry,0.0755,0.4528,0.1533,0.1673,0.1511
1001,5800,phase4_telemetry,0.109,0.4154,0.142,0.1834,0.1502
1001,5900,phase4_telemetry,0.0671,0.4631,0.1408,0.157,0.1721
1001,6000,phase4_telemetry,0.0782,0.3683,0.0857,0.369,0.0988
1001,6100,phase4_telemetry,0.1033,0.1612,0.454,0.1427,0.1388
1001,6200,phase4_telemetry,0.0796,0.1098,0.3482,0.1133,0.349
1001,6300,phase4_telemetry,0.0395,0.3656,0.2219,0.2005,0.1725
1001,6400,phase4_telemetry,0.1092,0.4252,0.173,0.1629,0.1296
1001,6500,phase5_recovery,0.0224,0.3447,0.1464,0.141,0.3455
1001,6600,phase5_recovery,0.1181,0.4274,0.1244,0.1841,0.1459
1001,6700,phase5_recovery,0.1138,0.34,0.3407,0.0916,0.114
1001,6800,phase5_recovery,0.0964,0.3525,0.1024,0.3533,0.0954
1001,6900,phase5_recovery,0.0854,0.296,0.3263,0.1527,0.1396
1001,7000,phase5_recovery,0.1142,0.1312,0.4682,0.1309,0.1556
1001,7100,phase5_recovery,0.1345,0.1164,0.4715,0.1249,0.1527
1001,7200,phase5_recovery,0.1243,0.1572,0.4529,0.1173,0.1484
1001,7300,phase5_recovery,0.1011,0.1327,0.5125,0.1189,0.1349
1001,7400,phase5_recovery,0.0892,0.0945,0.3536,0.3544,0.1083
1001,7500,phase5_recovery,0.1207,0.1368,0.4594,0.1657,0.1174
1001,7600,phase5_recovery,0.1315,0.1555,0.416,0.163,0.134
1001,7700,phase5_recovery,0.1126,0.1555,0.4384,0.149,0.1446
1001,7800,phase5_recovery,0.1153,0.1174,0.5192,0.1354,0.1127
1001,7900,phase5_recovery,0.1173,0.1377,0.4674,0.147,0.1307
1001,8000,phase5_recovery,0.3412,0.0994,0.1162,0.1028,0.3404
1001,8100,phase5_recovery,0.0895,0.3183,0.1287,0.3191,0.1445
1001,8200,phase6_novel,0.1274,0.5317,0.1121,0.1168,0.1119
1001,8300,phase6_novel,0.1026,0.3517,0.099,0.3525,0.0942
1001,8400,phase6_novel,0.1482,0.4823,0.1464,0.1123,0.1107
1001,8500,phase6_novel,0.1196,0.4947,0.1373,0.118,0.1304
1001,8600,phase6_novel,0.2947,0.2939,0.1015,0.1546,0.1555
1001,8700,phase6_novel,0.1341,0.4763,0.1334,0.1428,0.1134
1001,8800,phase6_novel,0.157,0.4398,0.1418,0.1408,0.1207
1001,8900,phase6_novel,0.1198,0.5324,0.1181,0.1174,0.1123
1001,9000,phase6_novel,0.1421,0.4728,0.1183,0.1301,0.1368
1001,9100,phase6_novel,0.1221,0.4925,0.1407,0.125,0.1197
1001,9200,phase6_novel,0.1309,0.5051,0.1166,0.1307,0.1167
1001,9300,phase6_novel,0.1262,0.4776,0.1233,0.1226,0.1503
1001,9400,phase6_novel,0.1103,0.5093,0.1122,0.1158,0.1524
1001,9500,phase6_novel,0.1221,0.4617,0.1398,0.1164,0.1599
1001,9600,phase6_novel,0.1099,0.5319,0.109,0.1235,0.1257
1001,9700,phase6_novel,0.1086,0.5334,0.1153,0.11,0.1326
1001,9800,phase6_novel,0.1097,0.5481,0.1088,0.1113,0.122
1001,9900,phase6_novel,0.1178,0.4905,0.1501,0.1315,0.11
1001,9999,phase6_novel,0.1089,0.5251,0.109,0.1124,0.1447
1002,0,phase1_normal,0.2,0.2,0.2,0.2,0.2
1002,100,phase1_normal,0.5486,0.1039,0.112,0.1156,0.1198
1002,200,phase1_normal,0.5614,0.1055,0.108,0.1207,0.1043
1002,300,phase1_normal,0.5419,0.1273,0.1114,0.1051,0.1143
1002,400,phase1_normal,0.4911,0.1562,0.1276,0.1097,0.1154
1002,500,phase1_normal,0.379,0.0804,0.081,0.0799,0.3798
1002,600,phase1_normal,0.5763,0.1088,0.1057,0.1045,0.1047
1002,700,phase1_normal,0.2705,0.1311,0.3506,0.1238,0.124
1002,800,phase1_normal,0.3775,0.0846,0.3782,0.0795,0.0802
1002,900,phase1_normal,0.5165,0.1212,0.1336,0.1081,0.1207
1002,1000,phase1_normal,0.5203,0.1168,0.1325,0.1132,0.1171
1002,1100,phase1_normal,0.5486,0.105,0.1119,0.1251,0.1094
1002,1200,phase1_normal,0.5282,0.1051,0.1089,0.1376,0.1202
1002,1300,phase1_normal,0.5595,0.1194,0.108,0.1086,0.1045
1002,1400,phase1_normal,0.3868,0.0725,0.0731,0.0802,0.3874
1002,1500,phase1_normal,0.5469,0.1197,0.1097,0.1182,0.1055
1002,1600,phase1_normal,0.5497,0.1052,0.126,0.1071,0.112
1002,1700,phase1_normal,0.5341,0.1124,0.1215,0.126,0.106
1002,1800,phase1_normal,0.5705,0.1044,0.1105,0.1054,0.1092
1002,1900,phase1_normal,0.5276,0.1202,0.1195,0.1162,0.1166
1002,2000,phase2_degradation,0.5725,0.1084,0.1053,0.1068,0.107
1002,2100,phase2_degradation,0.3873,0.0729,0.074,0.0778,0.388
1002,2200,phase2_degradation,0.5094,0.1158,0.143,0.1164,0.1154
1002,2300,phase2_degradation,0.2464,0.1118,0.1241,0.4078,0.11
1002,2400,phase2_degradation,0.1351,0.1079,0.1336,0.4977,0.1257
1002,2500,phase2_degradation,0.3686,0.0813,0.3693,0.0922,0.0886
1002,2600,phase2_degradation,0.5264,0.1146,0.1188,0.1255,0.1147
1002,2700,phase2_degradation,0.3616,0.0884,0.0961,0.3623,0.0916
1002,2800,phase2_degradation,0.5335,0.1089,0.1289,0.1164,0.1124
1002,2900,phase2_degradation,0.5388,0.1084,0.1082,0.1192,0.1254
1002,3000,phase2_degradation,0.1247,0.4959,0.1496,0.1118,0.118
1002,3100,phase2_degradation,0.1221,0.5308,0.1108,0.1109,0.1254
1002,3200,phase2_degradation,0.1153,0.5363,0.1205,0.1169,0.1111
1002,3300,phase2_degradation,0.1094,0.5156,0.129,0.1367,0.1094
1002,3400,phase2_degradation,0.1288,0.5236,0.1095,0.1128,0.1253
1002,3500,phase3_attack,0.1313,0.519,0.1116,0.13,0.1081
1002,3600,phase3_attack,0.1195,0.5133,0.1196,0.1161,0.1315
1002,3700,phase3_attack,0.1097,0.5463,0.1149,0.1101,0.119
1002,3800,phase3_attack,0.0853,0.5105,0.1297,0.1273,0.1472
1002,3900,phase3_attack,0.1126,0.5176,0.135,0.1153,0.1195
1002,4000,phase3_attack,0.1166,0.1301,0.5028,0.1211,0.1295
1002,4100,phase3_attack,0.1257,0.1394,0.4873,0.1557,0.0919
1002,4200,phase3_attack,0.085,0.135,0.5092,0.135,0.1357
1002,4300,phase3_attack,0.0898,0.1939,0.4272,0.147,0.1421
1002,4400,phase3_attack,0.0856,0.1345,0.33,0.3308,0.1191
1002,4500,phase3_attack,0.1054,0.1782,0.4322,0.1392,0.145
1002,4600,phase3_attack,0.0522,0.1479,0.4752,0.1742,0.1504
1002,4700,phase3_attack,0.1072,0.4489,0.1473,0.1737,0.123
1002,4800,phase3_attack,0.1063,0.5372,0.1206,0.1174,0.1186
1002,4900,phase3_attack,0.0826,0.4994,0.1275,0.1482,0.1423
1002,5000,phase4_telemetry,0.0674,0.5058,0.1418,0.1349,0.1501
1002,5100,phase4_telemetry,0.1082,0.4907,0.1219,0.1327,0.1464
1002,5200,phase4_telemetry,0.108,0.4252,0.1369,0.1689,0.161
1002,5300,phase4_telemetry,0.0937,0.1724,0.3848,0.1981,0.151
1002,5400,phase4_telemetry,0.1193,0.1483,0.4546,0.1373,0.1404
1002,5500,phase4_telemetry,0.0439,0.4245,0.1938,0.1801,0.1578
1002,5600,phase4_telemetry,0.064,0.4632,0.1678,0.1653,0.1397
1002,5700,phase4_telemetry,0.0869,0.4921,0.1416,0.1225,0.157
1002,5800,phase4_telemetry,0.3272,0.3265,0.0988,0.1167,0.1308
1002,5900,phase4_telemetry,0.0685,0.3473,0.1253,0.3481,0.1109
1002,6000,phase4_telemetry,0.108,0.4901,0.1402,0.13,0.1317
1002,6100,phase4_telemetry,0.1184,0.4792,0.1552,0.13,0.1172
1002,6200,phase4_telemetry,0.0824,0.4478,0.1916,0.1442,0.1341
1002,6300,phase4_telemetry,0.0844,0.3631,0.3638,0.0906,0.098
1002,6400,phase4_telemetry,0.1033,0.4796,0.1299,0.1567,0.1305
1002,6500,phase5_recovery,0.1051,0.4857,0.1323,0.1225,0.1545
1002,6600,phase5_recovery,0.1161,0.5037,0.1313,0.1278,0.1211
1002,6700,phase5_recovery,0.3384,0.3376,0.0925,0.0946,0.1369
1002,6800,phase5_recovery,0.1283,0.4204,0.1355,0.1538,0.1619
1002,6900,phase5_recovery,0.1236,0.4757,0.1255,0.1239,0.1514
1002,7000,phase5_recovery,0.1348,0.2378,0.3721,0.1355,0.1198
1002,7100,phase5_recovery,0.1052,0.109,0.339,0.1071,0.3397
1002,7200,phase5_recovery,0.1378,0.168,0.4186,0.1217,0.1539
1002,7300,phase5_recovery,0.1454,0.1224,0.4534,0.1271,0.1516
1002,7400,phase5_recovery,0.116,0.1393,0.4905,0.1253,0.1289
1002,7500,phase5_recovery,0.1314,0.122,0.5039,0.1144,0.1283
1002,7600,phase5_recovery,0.1251,0.1675,0.3018,0.3026,0.1029
1002,7700,phase5_recovery,0.1427,0.3066,0.3074,0.144,0.0992
1002,7800,phase5_recovery,0.1355,0.4575,0.1264,0.1509,0.1297
1002,7900,phase5_recovery,0.1468,0.4182,0.1554,0.1357,0.1439
1002,8000,phase5_recovery,0.0897,0.3229,0.3236,0.1561,0.1077
1002,8100,phase5_recovery,0.1772,0.4076,0.1241,0.1368,0.1543
1002,8200,phase6_novel,0.3232,0.1135,0.3224,0.1257,0.1153
1002,8300,phase6_novel,0.1299,0.1652,0.4462,0.1146,0.1442
1002,8400,phase6_novel,0.1579,0.1293,0.4264,0.1443,0.1422
1002,8500,phase6_novel,0.1472,0.129,0.4529,0.1471,0.1238
1002,8600,phase6_novel,0.1355,0.1421,0.4886,0.1346,0.0992
1002,8700,phase6_novel,0.1129,0.1209,0.4907,0.1378,0.1377
1002,8800,phase6_novel,0.0828,0.0854,0.3694,0.0923,0.3701
1002,8900,phase6_novel,0.1341,0.1237,0.4474,0.1636,0.1312
1002,9000,phase6_novel,0.1436,0.1221,0.4521,0.1446,0.1375
1002,9100,phase6_novel,0.1363,0.1263,0.4868,0.1151,0.1356
1002,9200,phase6_novel,0.1722,0.1673,0.3852,0.1124,0.1629
1002,9300,phase6_novel,0.1188,0.3757,0.217,0.1289,0.1596
1002,9400,phase6_novel,0.1451,0.4703,0.1286,0.1198,0.1362
1002,9500,phase6_novel,0.1207,0.4644,0.1453,0.1264,0.1432
1002,9600,phase6_novel,0.1173,0.4381,0.1309,0.1526,0.1612
1002,9700,phase6_novel,0.1249,0.5057,0.1354,0.1092,0.1247
1002,9800,phase6_novel,0.1296,0.4658,0.1593,0.1229,0.1224
1002,9900,phase6_novel,0.1241,0.4957,0.1136,0.1083,0.1583
1002,9999,phase6_novel,0.129,0.5104,0.1106,0.1244,0.1257
1003,0,phase1_normal,0.2,0.2,0.2,0.2,0.2
1003,100,phase1_normal,0.5505,0.1052,0.115,0.1243,0.105
1003,200,phase1_normal,0.4323,0.1205,0.112,0.214,0.1213
1003,300,phase1_normal,0.3577,0.146,0.2369,0.1429,0.1165
1003,400,phase1_normal,0.4788,0.1354,0.1368,0.1349,0.1141
1003,500,phase1_normal,0.491,0.1353,0.1322,0.1314,0.1101
1003,600,phase1_normal,0.5036,0.1246,0.111,0.1296,0.1312
1003,700,phase1_normal,0.5137,0.1397,0.1051,0.1228,0.1187
1003,800,phase1_normal,0.322,0.1123,0.3229,0.1065,0.1363
1003,900,phase1_normal,0.1182,0.1354,0.4937,0.1185,0.1342
1003,1000,phase1_normal,0.1168,0.1238,0.5122,0.1303,0.1169
1003,1100,phase1_normal,0.4877,0.144,0.1419,0.1139,0.1125
1003,1200,phase1_normal,0.5793,0.1043,0.1043,0.1041,0.108
1003,1300,phase1_normal,0.5749,0.1044,0.1094,0.1055,0.1057
1003,1400,phase1_normal,0.5419,0.1144,0.1065,0.1098,0.1274
1003,1500,phase1_normal,0.5308,0.1275,0.116,0.1062,0.1195
1003,1600,phase1_normal,0.5504,0.1111,0.127,0.1048,0.1067
1003,1700,phase1_normal,0.5655,0.105,0.1045,0.1044,0.1206
1003,1800,phase1_normal,0.5232,0.1171,0.125,0.1194,0.1153
1003,1900,phase1_normal,0.378,0.3787,0.0752,0.0731,0.0951
1003,2000,phase2_degradation,0.5198,0.1136,0.1158,0.1239,0.1269
1003,2100,phase2_degradation,0.5291,0.1265,0.111,0.1076,0.1257
1003,2200,phase2_degradation,0.5391,0.1165,0.1053,0.1245,0.1147
1003,2300,phase2_degradation,0.5313,0.1278,0.1179,0.1158,0.1072
1003,2400,phase2_degradation,0.5141,0.1246,0.1294,0.1128,0.1191
1003,2500,phase2_degradation,0.382,0.0739,0.0738,0.0876,0.3827
1003,2600,phase2_degradation,0.3861,0.0745,0.3867,0.0743,0.0783
1003,2700,phase2_degradation,0.5356,0.1083,0.1074,0.1389,0.1097
1003,2800,phase2_degradation,0.5221,0.1103,0.1084,0.1153,0.144
1003,2900,phase2_degradation,0.5382,0.1157,0.1101,0.1264,0.1097
1003,3000,phase2_degradation,0.2996,0.36,0.1134,0.1138,0.1132
1003,3100,phase2_degradation,0.1294,0.5298,0.1126,0.1191,0.109
1003,3200,phase2_degradation,0.1146,0.5462,0.1202,0.1096,0.1093
1003,3300,phase2_degradation,0.1213,0.5215,0.1153,0.1206,0.1213
1003,3400,phase2_degradation,0.0823,0.3658,0.1023,0.083,0.3665
1003,3500,phase3_attack,0.113,0.5055,0.1162,0.1107,0.1547
1003,3600,phase3_attack,0.1102,0.4988,0.1332,0.1433,0.1146
1003,3700,phase3_attack,0.1138,0.5068,0.123,0.1369,0.1195
1003,3800,phase3_attack,0.1116,0.5315,0.1176,0.1141,0.1252
1003,3900,phase3_attack,0.0798,0.3669,0.0863,0.0992,0.3677
1003,4000,phase3_attack,0.098,0.5011,0.1274,0.1479,0.1256
1003,4100,phase3_attack,0.1042,0.5323,0.1149,0.1135,0.1351
1003,4200,phase3_attack,0.0799,0.5435,0.1267,0.1275,0.1224
1003,4300,phase3_attack,0.0951,0.5449,0.1169,0.1157,0.1275
1003,4400,phase3_attack,0.1018,0.4878,0.1446,0.1507,0.1151
1003,4500,phase3_attack,0.1077,0.5221,0.1345,0.124,0.1117
1003,4600,phase3_attack,0.3229,0.1647,0.0899,0.3221,0.1003
1003,4700,phase3_attack,0.1159,0.1178,0.4665,0.1651,0.1347
1003,4800,phase3_attack,0.1164,0.1282,0.4903,0.1399,0.1252
1003,4900,phase3_attack,0.0764,0.1274,0.3317,0.1318,0.3326
1003,5000,phase4_telemetry,0.098,0.5075,0.1517,0.1206,0.1223
1003,5100,phase4_telemetry,0.0793,0.1652,0.4205,0.1869,0.148
1003,5200,phase4_telemetry,0.1112,0.1219,0.2418,0.1284,0.3966
1003,5300,phase4_telemetry,0.0931,0.5141,0.1256,0.123,0.1442
1003,5400,phase4_telemetry,0.1018,0.4931,0.1394,0.132,0.1337
1003,5500,phase4_telemetry,0.1075,0.526,0.1404,0.1148,0.1113
1003,5600,phase4_telemetry,0.1045,0.4991,0.122,0.1252,0.1491
1003,5700,phase4_telemetry,0.1046,0.4671,0.1461,0.1384,0.1438
1003,5800,phase4_telemetry,0.096,0.4952,0.1432,0.1409,0.1246
1003,5900,phase4_telemetry,0.082,0.4609,0.1485,0.1572,0.1514
1003,6000,phase4_telemetry,0.0528,0.1651,0.3261,0.3252,0.1308
1003,6100,phase4_telemetry,0.0988,0.1372,0.1512,0.4862,0.1266
1003,6200,phase4_telemetry,0.114,0.1466,0.4276,0.1412,0.1706
1003,6300,phase4_telemetry,0.0858,0.1211,0.3441,0.3448,0.1042
1003,6400,phase4_telemetry,0.1179,0.1235,0.4858,0.1431,0.1296
1003,6500,phase5_recovery,0.0916,0.1328,0.4811,0.1566,0.1379
1003,6600,phase5_recovery,0.1049,0.142,0.4702,0.1381,0.1447
1003,6700,phase5_recovery,0.0926,0.1123,0.1012,0.3466,0.3473
1003,6800,phase5_recovery,0.0946,0.1214,0.1078,0.3377,0.3385
1003,6900,phase5_recovery,0.0866,0.3508,0.3501,0.0967,0.1158
1003,7000,phase5_recovery,0.1273,0.4895,0.1229,0.1242,0.1361
1003,7100,phase5_recovery,0.1363,0.5029,0.1192,0.1195,0.1221
1003,7200,phase5_recovery,0.1261,0.1733,0.4439,0.1243,0.1323
1003,7300,phase5_recovery,0.315,0.1333,0.3142,0.1147,0.1228
1003,7400,phase5_recovery,0.0854,0.1102,0.3388,0.1261,0.3395
1003,7500,phase5_recovery,0.1463,0.1547,0.423,0.124,0.152
1003,7600,phase5_recovery,0.1156,0.1262,0.4511,0.1669,0.1401
1003,7700,phase5_recovery,0.1289,0.124,0.4503,0.1175,0.1793
1003,7800,phase5_recovery,0.3268,0.3261,0.153,0.0813,0.1128
1003,7900,phase5_recovery,0.3527,0.3519,0.0903,0.1091,0.096
1003,8000,phase5_recovery,0.1319,0.3945,0.1498,0.1604,0.1633
1003,8100,phase5_recovery,0.1295,0.4967,0.133,0.1171,0.1236
1003,8200,phase6_novel,0.1438,0.4073,0.1277,0.1416,0.1795
1003,8300,phase6_novel,0.1198,0.4781,0.1149,0.141,0.1462
1003,8400,phase6_novel,0.1183,0.4499,0.1743,0.1246,0.1328
1003,8500,phase6_novel,0.1642,0.4394,0.1267,0.1506,0.1191
1003,8600,phase6_novel,0.0976,0.3429,0.0964,0.3437,0.1194
1003,8700,phase6_novel,0.1133,0.5179,0.1281,0.1289,0.1118
1003,8800,phase6_novel,0.1343,0.5058,0.1213,0.1118,0.1268
1003,8900,phase6_novel,0.1395,0.4762,0.13,0.1247,0.1295
1003,9000,phase6_novel,0.1162,0.1317,0.5129,0.1229,0.1163
1003,9100,phase6_novel,0.1378,0.1277,0.4896,0.1293,0.1155
1003,9200,phase6_novel,0.1389,0.2075,0.3966,0.1404,0.1166
1003,9300,phase6_novel,0.1136,0.1576,0.4914,0.124,0.1134
1003,9400,phase6_novel,0.1219,0.3425,0.2702,0.1141,0.1514
1003,9500,phase6_novel,0.111,0.5121,0.1127,0.1268,0.1373
1003,9600,phase6_novel,0.1102,0.5498,0.1096,0.1116,0.1188
1003,9700,phase6_novel,0.1177,0.5123,0.1174,0.125,0.1275
1003,9800,phase6_novel,0.1108,0.5572,0.1096,0.1091,0.1133
1003,9900,phase6_novel,0.1172,0.5233,0.1326,0.1104,0.1165
1003,9999,phase6_novel,0.1128,0.5562,0.1118,0.1094,0.1097
1004,0,phase1_normal,0.2,0.2,0.2,0.2,0.2
1004,100,phase1_normal,0.5581,0.1059,0.1169,0.1073,0.1118
1004,200,phase1_normal,0.5473,0.1383,0.1044,0.1056,0.1044
1004,300,phase1_normal,0.1424,0.4677,0.11,0.1631,0.1169
1004,400,phase1_normal,0.1343,0.5316,0.1141,0.1094,0.1106
1004,500,phase1_normal,0.558,0.1161,0.1085,0.1073,0.1102
1004,600,phase1_normal,0.529,0.1138,0.1431,0.108,0.1062
1004,700,phase1_normal,0.3838,0.0792,0.0778,0.3844,0.0748
1004,800,phase1_normal,0.1892,0.1242,0.1179,0.1194,0.4493
1004,900,phase1_normal,0.111,0.5039,0.1194,0.1104,0.1552
1004,1000,phase1_normal,0.1143,0.5143,0.1202,0.1366,0.1145
1004,1100,phase1_normal,0.4888,0.1283,0.1284,0.1351,0.1194
1004,1200,phase1_normal,0.1195,0.1269,0.5035,0.1266,0.1235
1004,1300,phase1_normal,0.1218,0.1247,0.4983,0.1173,0.1379
1004,1400,phase1_normal,0.117,0.1213,0.4914,0.1392,0.131
1004,1500,phase1_normal,0.122,0.2904,0.2912,0.1066,0.1898
1004,1600,phase1_normal,0.1201,0.5387,0.115,0.1119,0.1143
1004,1700,phase1_normal,0.1219,0.506,0.1362,0.1223,0.1137
1004,1800,phase1_normal,0.5609,0.1226,0.106,0.1054,0.1051
1004,1900,phase1_normal,0.5361,0.1056,0.1266,0.1069,0.1249
1004,2000,phase2_degradation,0.5021,0.1323,0.1183,0.1109,0.1365
1004,2100,phase2_degradation,0.527,0.1142,0.1204,0.1311,0.1072
1004,2200,phase2_degradation,0.5431,0.1061,0.1061,0.1225,0.1222
1004,2300,phase2_degradation,0.2063,0.1207,0.4225,0.1239,0.1267
1004,2400,phase2_degradation,0.1533,0.1183,0.4781,0.13,0.1203
1004,2500,phase2_degradation,0.1169,0.1014,0.313,0.1549,0.3138
1004,2600,phase2_degradation,0.3258,0.1205,0.3268,0.1059,0.121
1004,2700,phase2_degradation,0.0896,0.0937,0.363,0.0901,0.3637
1004,2800,phase2_degradation,0.1202,0.129,0.5028,0.1172,0.1308
1004,2900,phase2_degradation,0.2818,0.2827,0.1349,0.1101,0.1906
1004,3000,phase2_degradation,0.1338,0.5141,0.1123,0.13,0.1098
1004,3100,phase2_degradation,0.1379,0.48,0.1222,0.144,0.1159
1004,3200,phase2_degradation,0.1108,0.5353,0.1148,0.116,0.1231
1004,3300,phase2_degradation,0.1257,0.5049,0.11,0.1354,0.124
1004,3400,phase2_degradation,0.1099,0.5451,0.111,0.1137,0.1202
1004,3500,phase3_attack,0.1116,0.5464,0.1126,0.1203,0.1092
1004,3600,phase3_attack,0.1116,0.5316,0.1164,0.1116,0.1287
1004,3700,phase3_attack,0.1036,0.5213,0.1148,0.1415,0.1188
1004,3800,phase3_attack,0.1102,0.4767,0.1447,0.1202,0.1483
1004,3900,phase3_attack,0.1062,0.4931,0.1115,0.1432,0.146
1004,4000,phase3_attack,0.1098,0.5355,0.1265,0.1115,0.1167
1004,4100,phase3_attack,0.1098,0.5604,0.1103,0.1118,0.1077
1004,4200,phase3_attack,0.0913,0.5296,0.126,0.1325,0.1206
1004,4300,phase3_attack,0.0757,0.3614,0.0812,0.1196,0.3621
1004,4400,phase3_attack,0.0754,0.5124,0.1554,0.1248,0.1319
1004,4500,phase3_attack,0.1092,0.5448,0.123,0.1115,0.1115
1004,4600,phase3_attack,0.0577,0.5396,0.1307,0.1319,0.1401
1004,4700,phase3_attack,0.11,0.5118,0.1347,0.1107,0.1328
1004,4800,phase3_attack,0.0731,0.3838,0.3845,0.0789,0.0798
1004,4900,phase3_attack,0.1088,0.5189,0.1126,0.1324,0.1273
1004,5000,phase4_telemetry,0.074,0.2041,0.1733,0.4037,0.145
1004,5100,phase4_telemetry,0.0813,0.4205,0.158,0.1866,0.1537
1004,5200,phase4_telemetry,0.1105,0.5321,0.1142,0.1227,0.1206
1004,5300,phase4_telemetry,0.061,0.5011,0.1341,0.1412,0.1626
1004,5400,phase4_telemetry,0.1052,0.4535,0.134,0.1412,0.1661
1004,5500,phase4_telemetry,0.1013,0.498,0.1327,0.1366,0.1314
1004,5600,phase4_telemetry,0.1083,0.5041,0.1244,0.1272,0.136
1004,5700,phase4_telemetry,0.0896,0.4934,0.145,0.1454,0.1266
1004,5800,phase4_telemetry,0.0956,0.2815,0.1486,0.3183,0.156
1004,5900,phase4_telemetry,0.0674,0.083,0.0854,0.3818,0.3825
1004,6000,phase4_telemetry,0.12,0.121,0.4232,0.1901,0.1456
1004,6100,phase4_telemetry,0.046,0.2843,0.1526,0.2319,0.2852
1004,6200,phase4_telemetry,0.1072,0.4624,0.1629,0.1242,0.1433
1004,6300,phase4_telemetry,0.0623,0.49,0.151,0.1498,0.147
1004,6400,phase4_telemetry,0.0804,0.455,0.1507,0.1726,0.1414
1004,6500,phase5_recovery,0.1018,0.4691,0.138,0.1512,0.1398
1004,6600,phase5_recovery,0.376,0.3753,0.0849,0.0829,0.081
1004,6700,phase5_recovery,0.1384,0.218,0.1594,0.3325,0.1517
1004,6800,phase5_recovery,0.1076,0.4269,0.137,0.1738,0.1547
1004,6900,phase5_recovery,0.1188,0.4184,0.1615,0.1718,0.1296
1004,7000,phase5_recovery,0.1281,0.4776,0.1324,0.1306,0.1312
1004,7100,phase5_recovery,0.098,0.4607,0.1682,0.1494,0.1237
1004,7200,phase5_recovery,0.1393,0.4071,0.1471,0.1373,0.1691
1004,7300,phase5_recovery,0.169,0.3783,0.1558,0.1694,0.1275
1004,7400,phase5_recovery,0.0802,0.3591,0.1052,0.0956,0.3599
1004,7500,phase5_recovery,0.1272,0.4701,0.1236,0.1538,0.1254
1004,7600,phase5_recovery,0.1119,0.4787,0.122,0.1363,0.1512
1004,7700,phase5_recovery,0.3371,0.1198,0.3364,0.0948,0.1118
1004,7800,phase5_recovery,0.0871,0.1673,0.433,0.1685,0.1441
1004,7900,phase5_recovery,0.152,0.1255,0.4666,0.1304,0.1256
1004,8000,phase5_recovery,0.0934,0.3627,0.3634,0.0919,0.0886
1004,8100,phase5_recovery,0.1157,0.3115,0.1475,0.113,0.3123
1004,8200,phase6_novel,0.1387,0.1253,0.4665,0.1196,0.15
1004,8300,phase6_novel,0.114,0.1252,0.4976,0.1293,0.1339
1004,8400,phase6_novel,0.1197,0.142,0.3952,0.2038,0.1393
1004,8500,phase6_novel,0.0995,0.1169,0.3344,0.1141,0.3351
1004,8600,phase6_novel,0.1447,0.1222,0.192,0.1437,0.3974
1004,8700,phase6_novel,0.1271,0.1656,0.4301,0.1242,0.153
1004,8800,phase6_novel,0.1492,0.1289,0.4665,0.1402,0.1152
1004,8900,phase6_novel,0.1472,0.3978,0.1655,0.1464,0.1432
1004,9000,phase6_novel,0.1078,0.4735,0.1346,0.1449,0.1392
1004,9100,phase6_novel,0.1559,0.4688,0.1266,0.1306,0.1181
1004,9200,phase6_novel,0.1808,0.3701,0.1818,0.128,0.1393
1004,9300,phase6_novel,0.1169,0.3383,0.3391,0.1013,0.1044
1004,9400,phase6_novel,0.1294,0.4617,0.1138,0.1586,0.1365
1004,9500,phase6_novel,0.1402,0.3032,0.3024,0.1304,0.1237
1004,9600,phase6_novel,0.1307,0.1774,0.1393,0.4296,0.1229
1004,9700,phase6_novel,0.1249,0.1219,0.1588,0.435,0.1594
1004,9800,phase6_novel,0.1241,0.139,0.1269,0.2908,0.3193
1004,9900,phase6_novel,0.1205,0.1298,0.1491,0.1473,0.4533
1004,9999,phase6_novel,0.1038,0.1262,0.1037,0.1187,0.5476
1005,0,phase1_normal,0.2,0.2,0.2,0.2,0.2
1005,100,phase1_normal,0.3486,0.101,0.0999,0.3495,0.1009
1005,200,phase1_normal,0.4964,0.1451,0.1319,0.1208,0.1058
1005,300,phase1_normal,0.1156,0.5199,0.1102,0.117,0.1374
1005,400,phase1_normal,0.1164,0.5508,0.11,0.1109,0.1119
1005,500,phase1_normal,0.1148,0.5379,0.1276,0.1101,0.1096
1005,600,phase1_normal,0.1092,0.5497,0.1118,0.1191,0.1102
1005,700,phase1_normal,0.345,0.3442,0.1021,0.0991,0.1095
1005,800,phase1_normal,0.5663,0.1114,0.1046,0.113,0.1047
1005,900,phase1_normal,0.5659,0.1131,0.1106,0.1045,0.1059
1005,1000,phase1_normal,0.3774,0.0842,0.0831,0.0772,0.3781
1005,1100,phase1_normal,0.5766,0.1043,0.1099,0.1045,0.1047
1005,1200,phase1_normal,0.5543,0.1057,0.1241,0.1102,0.1057
1005,1300,phase1_normal,0.561,0.1046,0.1074,0.1115,0.1154
1005,1400,phase1_normal,0.5585,0.1242,0.1064,0.1055,0.1054
1005,1500,phase1_normal,0.5487,0.132,0.1085,0.1045,0.1063
1005,1600,phase1_normal,0.1138,0.5377,0.1288,0.11,0.1098
1005,1700,phase1_normal,0.135,0.5047,0.1093,0.1106,0.1404
1005,1800,phase1_normal,0.1163,0.5528,0.1091,0.1124,0.1093
1005,1900,phase1_normal,0.1213,0.5221,0.1104,0.1186,0.1276
1005,2000,phase2_degradation,0.5065,0.1298,0.1198,0.1058,0.1382
1005,2100,phase2_degradation,0.5718,0.1112,0.1059,0.1056,0.1055
1005,2200,phase2_degradation,0.493,0.1364,0.1144,0.1197,0.1366
1005,2300,phase2_degradation,0.1434,0.131,0.4503,0.1272,0.148
1005,2400,phase2_degradation,0.1336,0.271,0.2702,0.1796,0.1455
1005,2500,phase2_degradation,0.1489,0.4358,0.1386,0.1445,0.1322
1005,2600,phase2_degradation,0.1355,0.5183,0.1233,0.1126,0.1103
1005,2700,phase2_degradation,0.1219,0.4816,0.1321,0.1376,0.1267
1005,2800,phase2_degradation,0.1504,0.4733,0.119,0.1274,0.1299
1005,2900,phase2_degradation,0.1298,0.5091,0.1278,0.1156,0.1178
1005,3000,phase2_degradation,0.1459,0.5008,0.1307,0.1107,0.112
1005,3100,phase2_degradation,0.1332,0.4936,0.1153,0.132,0.1259
1005,3200,phase2_degradation,0.1102,0.1654,0.1097,0.5007,0.114
1005,3300,phase2_degradation,0.128,0.1206,0.1589,0.4617,0.1307
1005,3400,phase2_degradation,0.1364,0.4253,0.1208,0.1743,0.1432
1005,3500,phase3_attack,0.3731,0.3723,0.0966,0.0782,0.0798
1005,3600,phase3_attack,0.1094,0.5461,0.1117,0.1205,0.1124
1005,3700,phase3_attack,0.1094,0.5335,0.1107,0.1107,0.1357
1005,3800,phase3_attack,0.1081,0.543,0.1117,0.1103,0.1269
1005,3900,phase3_attack,0.0899,0.5158,0.1357,0.1208,0.1377
1005,4000,phase3_attack,0.1167,0.1244,0.5045,0.1274,0.127
1005,4100,phase3_attack,0.1153,0.1173,0.4945,0.1357,0.1372
1005,4200,phase3_attack,0.3321,0.1289,0.3314,0.1054,0.1022
1005,4300,phase3_attack,0.1146,0.5315,0.1287,0.1226,0.1026
1005,4400,phase3_attack,0.0436,0.354,0.135,0.3547,0.1127
1005,4500,phase3_attack,0.089,0.451,0.1531,0.1525,0.1544
1005,4600,phase3_attack,0.0529,0.3653,0.1061,0.366,0.1096
1005,4700,phase3_attack,0.1033,0.5144,0.1178,0.1419,0.1226
1005,4800,phase3_attack,0.107,0.507,0.13,0.1226,0.1335
1005,4900,phase3_attack,0.0982,0.5171,0.1251,0.1431,0.1165
1005,5000,phase4_telemetry,0.0903,0.4979,0.1405,0.1445,0.1268
1005,5100,phase4_telemetry,0.1087,0.4666,0.1319,0.1695,0.1232
1005,5200,phase4_telemetry,0.0763,0.3898,0.2055,0.1578,0.1706
1005,5300,phase4_telemetry,0.094,0.4965,0.1339,0.1382,0.1374
1005,5400,phase4_telemetry,0.1073,0.4693,0.1649,0.1399,0.1186
1005,5500,phase4_telemetry,0.0935,0.4992,0.1188,0.1483,0.1402
1005,5600,phase4_telemetry,0.1053,0.2315,0.2464,0.2454,0.1715
1005,5700,phase4_telemetry,0.0798,0.1797,0.413,0.1902,0.1372
1005,5800,phase4_telemetry,0.0884,0.1603,0.4401,0.1618,0.1495
1005,5900,phase4_telemetry,0.1043,0.1363,0.478,0.1547,0.1267
1005,6000,phase4_telemetry,0.081,0.336,0.3352,0.1006,0.1473
1005,6100,phase4_telemetry,0.3477,0.1175,0.0865,0.3469,0.1015
1005,6200,phase4_telemetry,0.0694,0.1454,0.1473,0.2464,0.3915
1005,6300,phase4_telemetry,0.0812,0.0994,0.3578,0.3586,0.1031
1005,6400,phase4_telemetry,0.0878,0.1506,0.4081,0.1666,0.1869
1005,6500,phase5_recovery,0.0784,0.1424,0.4449,0.1737,0.1607
1005,6600,phase5_recovery,0.1548,0.144,0.4245,0.1554,0.1213
1005,6700,phase5_recovery,0.1227,0.1284,0.1347,0.3067,0.3075
1005,6800,phase5_recovery,0.1304,0.1259,0.4713,0.134,0.1384
1005,6900,phase5_recovery,0.1665,0.1244,0.4652,0.122,0.1219
1005,7000,phase5_recovery,0.134,0.2996,0.2988,0.1411,0.1265
1005,7100,phase5_recovery,0.1338,0.3012,0.3003,0.1301,0.1346
1005,7200,phase5_recovery,0.1777,0.4355,0.1415,0.126,0.1192
1005,7300,phase5_recovery,0.1479,0.4681,0.1234,0.1468,0.1137
1005,7400,phase5_recovery,0.1046,0.421,0.1411,0.1295,0.2039
1005,7500,phase5_recovery,0.1479,0.4382,0.113,0.1577,0.1432
1005,7600,phase5_recovery,0.1105,0.4175,0.1263,0.1975,0.1483
1005,7700,phase5_recovery,0.1326,0.4721,0.1427,0.1157,0.1368
1005,7800,phase5_recovery,0.1202,0.4754,0.1343,0.1546,0.1156
1005,7900,phase5_recovery,0.1597,0.4796,0.1228,0.1169,0.1209
1005,8000,phase5_recovery,0.1182,0.3344,0.0982,0.1141,0.3351
1005,8100,phase5_recovery,0.1311,0.1408,0.1289,0.4667,0.1323
1005,8200,phase6_novel,0.1348,0.1363,0.1464,0.4538,0.1286
1005,8300,phase6_novel,0.1825,0.1483,0.1322,0.3861,0.151
1005,8400,phase6_novel,0.1157,0.1385,0.4319,0.1805,0.1334
1005,8500,phase6_novel,0.1147,0.1304,0.4815,0.1534,0.12
1005,8600,phase6_novel,0.1276,0.1234,0.4816,0.1222,0.1452
1005,8700,phase6_novel,0.1183,0.1011,0.331,0.3318,0.1178
1005,8800,phase6_novel,0.1352,0.1211,0.4636,0.1266,0.1535
1005,8900,phase6_novel,0.1392,0.1124,0.4522,0.151,0.1452
1005,9000,phase6_novel,0.0895,0.0909,0.358,0.3588,0.1028
1005,9100,phase6_novel,0.1334,0.1212,0.485,0.1187,0.1416
1005,9200,phase6_novel,0.1243,0.3405,0.3397,0.0949,0.1006
1005,9300,phase6_novel,0.1427,0.1491,0.3978,0.1411,0.1692
1005,9400,phase6_novel,0.119,0.1614,0.4423,0.136,0.1413
1005,9500,phase6_novel,0.132,0.1299,0.1697,0.4392,0.1293
1005,9600,phase6_novel,0.13,0.316,0.1066,0.3151,0.1322
1005,9700,phase6_novel,0.1018,0.5073,0.139,0.1208,0.1311
1005,9800,phase6_novel,0.0796,0.3738,0.3746,0.0809,0.0911
1005,9900,phase6_novel,0.1261,0.4731,0.1315,0.1409,0.1285
1005,9999,phase6_novel,0.1484,0.4711,0.1396,0.12,0.1209
1006,0,phase1_normal,0.2,0.2,0.2,0.2,0.2
1006,100,phase1_normal,0.1705,0.4874,0.1147,0.1113,0.1162
1006,200,phase1_normal,0.0969,0.2771,0.2779,0.0977,0.2504
1006,300,phase1_normal,0.132,0.5367,0.1104,0.1096,0.1114
1006,400,phase1_normal,0.1093,0.5427,0.1098,0.1179,0.1203
1006,500,phase1_normal,0.122,0.5251,0.1245,0.1181,0.1103
1006,600,phase1_normal,0.1341,0.5171,0.1103,0.1092,0.1294
1006,700,phase1_normal,0.1335,0.5125,0.1107,0.1103,0.1331
1006,800,phase1_normal,0.1353,0.119,0.499,0.1184,0.1283
1006,900,phase1_normal,0.1214,0.1458,0.4315,0.1642,0.137
1006,1000,phase1_normal,0.1441,0.1454,0.4472,0.1212,0.1421
1006,1100,phase1_normal,0.1345,0.1256,0.4844,0.1342,0.1212
1006,1200,phase1_normal,0.1151,0.5186,0.1258,0.1287,0.1118
1006,1300,phase1_normal,0.1123,0.5412,0.1211,0.1141,0.1113
1006,1400,phase1_normal,0.1136,0.4967,0.1333,0.1317,0.1247
1006,1500,phase1_normal,0.1144,0.499,0.1368,0.1136,0.1361
1006,1600,phase1_normal,0.1095,0.5443,0.1126,0.1097,0.1238
1006,1700,phase1_normal,0.1223,0.4992,0.1344,0.1174,0.1266
1006,1800,phase1_normal,0.1097,0.5587,0.1128,0.1094,0.1094
1006,1900,phase1_normal,0.127,0.5124,0.1391,0.1096,0.1119
1006,2000,phase2_degradation,0.1216,0.5319,0.1239,0.1104,0.1122
1006,2100,phase2_degradation,0.1164,0.542,0.1096,0.1228,0.1092
1006,2200,phase2_degradation,0.1107,0.5417,0.1093,0.129,0.1093
1006,2300,phase2_degradation,0.1397,0.4853,0.1515,0.1116,0.1119
1006,2400,phase2_degradation,0.1109,0.5021,0.1305,0.1117,0.1448
1006,2500,phase2_degradation,0.1114,0.5279,0.1161,0.1304,0.1142
1006,2600,phase2_degradation,0.11,0.5536,0.1141,0.1124,0.11
1006,2700,phase2_degradation,0.1395,0.5309,0.112,0.1057,0.112
1006,2800,phase2_degradation,0.1126,0.5507,0.1099,0.1097,0.117
1006,2900,phase2_degradation,0.1515,0.5088,0.1209,0.1092,0.1095
1006,3000,phase2_degradation,0.1123,0.526,0.1168,0.1359,0.1091
1006,3100,phase2_degradation,0.0817,0.3786,0.0801,0.3793,0.0802
1006,3200,phase2_degradation,0.1147,0.5214,0.1128,0.1404,0.1108
1006,3300,phase2_degradation,0.1151,0.5314,0.1144,0.1192,0.1198
1006,3400,phase2_degradation,0.1243,0.5398,0.1142,0.112,0.1097
1006,3500,phase3_attack,0.1114,0.5348,0.115,0.1215,0.1173
1006,3600,phase3_attack,0.0901,0.5197,0.1441,0.1257,0.1204
1006,3700,phase3_attack,0.1133,0.5383,0.1141,0.1203,0.1139
1006,3800,phase3_attack,0.1098,0.5493,0.1105,0.1109,0.1194
1006,3900,phase3_attack,0.1093,0.5338,0.1159,0.1136,0.1275
1006,4000,phase3_attack,0.1082,0.5243,0.1233,0.1285,0.1157
1006,4100,phase3_attack,0.1132,0.5256,0.1141,0.1142,0.1329
1006,4200,phase3_attack,0.0975,0.5309,0.1384,0.1164,0.1168
1006,4300,phase3_attack,0.103,0.5024,0.1398,0.1284,0.1264
1006,4400,phase3_attack,0.1065,0.4858,0.1333,0.1527,0.1217
1006,4500,phase3_attack,0.1109,0.488,0.167,0.1226,0.1115
1006,4600,phase3_attack,0.1179,0.2356,0.4082,0.118,0.1202
1006,4700,phase3_attack,0.1115,0.3842,0.1631,0.1367,0.2046
1006,4800,phase3_attack,0.1045,0.5141,0.1476,0.1176,0.1162
1006,4900,phase3_attack,0.1093,0.5459,0.1153,0.1148,0.1147
1006,5000,phase4_telemetry,0.0626,0.4278,0.1693,0.1411,0.1992
1006,5100,phase4_telemetry,0.1056,0.3869,0.1495,0.1811,0.1768
1006,5200,phase4_telemetry,0.0914,0.4818,0.1413,0.1611,0.1245
